      0/99     11.6G   0.08344   0.01571   0.02927    0.1284        30       640         0         0         0         0    0.1006    0.0162   0.02955
      1/99     14.4G    0.0714   0.01341   0.02787    0.1127        25       640 0.0002188      0.08 4.745e-05 4.745e-06    0.1035   0.01325   0.02934
      2/99     14.4G   0.06544   0.01169     0.027    0.1041        19       640 6.954e-05      0.04  1.55e-05 4.651e-06   0.09383   0.01285   0.02916
      3/99     14.4G   0.06345    0.0105   0.02666    0.1006        21       640 0.0008417      0.08 0.0005771 0.0001385   0.08968   0.01168   0.02967
      4/99     14.4G   0.05939   0.01028   0.02664   0.09631        23       640 0.0008746      0.08 0.0006195 0.0001411   0.09102   0.01055   0.02967
      5/99     14.4G   0.05592  0.009442   0.02578   0.09114        14       640    0.2039      0.04  0.003019  0.001513   0.09091  0.009359   0.02971
      6/99     14.4G   0.05486  0.009243   0.02601   0.09011        29       640    0.8655      0.04   0.02772   0.00797   0.07979  0.009546   0.02901
      7/99     14.4G   0.04915  0.009866   0.02539    0.0844        19       640    0.8422      0.08    0.1168   0.04748   0.07592  0.009118   0.02956
      8/99     14.4G   0.04914  0.008307   0.02672   0.08417        17       640    0.7517      0.16    0.2002   0.08372   0.08214  0.008095   0.02917
      9/99     14.4G   0.05371  0.008489   0.02553   0.08773        29       640    0.2709       0.4    0.1447   0.03077   0.07845  0.008098   0.02947
     10/99     14.4G   0.05321  0.007557   0.02524   0.08601        25       640     0.134     0.346    0.2143    0.1057   0.07945  0.007551   0.02966
     11/99     14.4G   0.05403  0.007686   0.02627   0.08799        18       640    0.2693      0.24    0.1606   0.07175   0.07947  0.007604   0.02862
     12/99     14.4G    0.0548   0.00773   0.02519   0.08772        29       640    0.2935      0.28    0.1267   0.06153   0.07909  0.007382   0.02885
     13/99     14.4G   0.05329  0.007866   0.02496   0.08612        28       640    0.7447      0.16    0.2046    0.1086   0.07676  0.007296   0.02897
     14/99     14.4G   0.05011  0.007743   0.02522   0.08307        23       640    0.7653      0.16    0.1465   0.04672   0.07936  0.007029   0.02906
     15/99     14.4G   0.05622  0.007106   0.02426   0.08759        24       640    0.3845      0.12    0.1129   0.06856    0.1092   0.00521   0.03968
     16/99     14.4G   0.05891  0.007038   0.02582   0.09176        26       640    0.7812      0.12    0.1683   0.09686   0.08145   0.00657   0.03383
     17/99     14.4G    0.0543  0.006966   0.02485   0.08612        32       640    0.9297      0.08    0.1224    0.0678      0.09  0.006288   0.06071
     18/99     14.4G   0.05209  0.006569   0.02383   0.08249        18       640    0.9032    0.1593    0.2035   0.08722   0.07706  0.006706   0.02954
     19/99     14.4G   0.05021  0.006175   0.02281   0.07919        26       640    0.5688    0.1932    0.1669    0.0708   0.09077   0.00571   0.02889
     20/99     14.4G   0.05352  0.005704   0.02308    0.0823        23       640   0.06011      0.16   0.04159   0.01021     0.104   0.00499   0.03033
     21/99     14.4G   0.05541  0.005616   0.02273   0.08376        21       640   0.05328      0.24   0.06773   0.03364    0.1018  0.005443   0.04026
     22/99     14.4G   0.05753  0.006294   0.02287    0.0867        22       640    0.8302    0.1599    0.2198   0.09454   0.08243  0.005667    0.0298
     23/99     14.4G    0.0545  0.006054   0.02208   0.08263        18       640    0.1124       0.4    0.2229    0.1059   0.08429  0.005471   0.02771
     24/99     14.4G   0.04903  0.005858   0.02148   0.07637        19       640      0.88       0.2    0.1979   0.07486   0.08866  0.005735   0.02741
     25/99     14.4G   0.04948  0.005918   0.02256   0.07796        19       640     0.855       0.2    0.2013    0.0969   0.08611  0.005559   0.02591
     26/99     14.4G   0.04737  0.005553   0.02153   0.07445        22       640    0.8176    0.1998    0.2331   0.06817   0.06288  0.006977   0.02568
     27/99     14.4G   0.04431  0.005961    0.0203   0.07057        21       640    0.4119    0.5162    0.3541    0.1612    0.0612  0.006701   0.02482
     28/99     14.4G   0.04307  0.006067   0.01921   0.06835        27       640    0.4357    0.5832    0.4124    0.1651   0.06183  0.006306   0.02372
     29/99     14.4G   0.04275  0.005649   0.01868   0.06708        22       640    0.4707      0.44      0.37    0.1189   0.06497  0.006259   0.02304
     30/99     14.4G   0.04513  0.005383   0.01897   0.06949        15       640    0.5512    0.5962    0.4341    0.1593   0.06826   0.00605   0.02223
     31/99     14.4G    0.0427  0.005646   0.01821   0.06655        23       640    0.5579      0.56    0.5551    0.2618   0.06611  0.005702   0.02126
     32/99     14.4G   0.04213  0.005231   0.01691   0.06428        23       640    0.5271      0.56    0.5092    0.2337   0.06556  0.005641    0.0213
     33/99     14.4G    0.0404  0.005515   0.01747   0.06339        21       640    0.4799    0.6398    0.4822    0.2754   0.05571  0.006334   0.02113
     34/99     14.4G   0.04142  0.005905   0.01626   0.06359        19       640    0.7004    0.5191    0.5428    0.2458   0.05744  0.006307   0.02046
     35/99     14.4G   0.04284  0.005117    0.0155   0.06346        25       640    0.7824     0.399    0.4798    0.2252   0.05864  0.006478   0.02039
     36/99     14.4G   0.03802  0.005597   0.01571   0.05933        23       640     0.759      0.56    0.5743    0.3044   0.05834  0.006239   0.02021
     37/99     14.4G   0.03908  0.005189   0.01392   0.05818        15       640    0.7921       0.6    0.6552    0.3705   0.05482  0.006146   0.01854
     38/99     14.4G   0.03809  0.005204   0.01385   0.05715        25       640    0.7719    0.7147    0.6719    0.3742   0.05751  0.005954   0.01803
     39/99     14.4G   0.03591  0.005701   0.01362   0.05523        24       640    0.6261      0.76    0.7475    0.4303   0.05327  0.006018    0.0168
     40/99     14.4G   0.03607  0.005206   0.01298   0.05426        19       640    0.6355    0.8266    0.7442    0.4828   0.05336  0.005908   0.01662
     41/99     14.4G   0.03446  0.005339   0.01287   0.05267        23       640    0.8153    0.7611    0.7539    0.4231   0.05249  0.005906   0.01662
     42/99     14.4G   0.03554  0.004775    0.0125   0.05281        18       640    0.8804      0.64    0.7134    0.3793   0.05387  0.005687   0.01632
     43/99     14.4G   0.03239  0.004948    0.0112   0.04854        27       640    0.8774    0.7034    0.7282    0.3931   0.05163  0.005774   0.01655
     44/99     14.4G   0.03366  0.004902     0.011   0.04956        29       640    0.7792    0.6905    0.7094    0.3638    0.0541  0.005609   0.01496
     45/99     14.4G   0.03176  0.004842   0.01109   0.04769        30       640    0.6804    0.8116    0.8286    0.5267   0.05004  0.005521   0.01505
     46/99     14.4G   0.03152  0.004992   0.01016   0.04667        27       640    0.5501      0.76    0.7259    0.4563   0.04943    0.0056   0.01486
     47/99     14.4G   0.03075  0.004536  0.008922   0.04421        22       640     0.939    0.7529    0.7929    0.5425   0.05031  0.005436   0.01332
     48/99     14.4G   0.03129  0.004408  0.008354   0.04405        20       640    0.6921    0.7533    0.7951    0.4408    0.0523  0.005358   0.01365
     49/99     14.4G   0.03231  0.004541  0.007719   0.04457        28       640    0.7857    0.8237    0.8337    0.4922   0.04987  0.005362   0.01141
     50/99     14.4G   0.03074  0.004749  0.008026   0.04351        37       640     0.805    0.8267    0.8691    0.5413   0.04771   0.00536   0.01151
     51/99     14.4G   0.02945  0.004698  0.007601   0.04175        30       640    0.8082    0.8267    0.8995    0.5837   0.04678  0.005191   0.01097
     52/99     14.4G   0.02973  0.004675  0.007164   0.04157        22       640    0.7273    0.9079    0.9046    0.6348   0.04566  0.005198   0.01019
     53/99     14.4G   0.02785  0.004684  0.007035   0.03957        22       640    0.7096    0.8267    0.8722    0.5776   0.04591  0.005254  0.009763
     54/99     14.4G   0.03019  0.004717  0.006619   0.04153        34       640    0.8243    0.8109    0.8768    0.5342   0.04752  0.005259  0.009546
     55/99     14.4G   0.02824  0.004506  0.006381   0.03913        17       640    0.7148    0.8933    0.8713    0.6228   0.04337  0.005145  0.009836
     56/99     14.4G     0.027  0.004411  0.006262   0.03767        24       640    0.7212    0.8602    0.8637    0.4919   0.04824  0.004956  0.009702
     57/99     14.4G   0.03107  0.004324  0.005664   0.04106        33       640    0.7159    0.9525      0.88     0.577   0.04303  0.005156  0.008872
     58/99     14.4G   0.02668  0.004662  0.005383   0.03673        26       640    0.8452    0.8381    0.8917    0.6206   0.04186  0.005043  0.008164
     59/99     14.4G   0.02768  0.004496  0.004287   0.03646        31       640    0.9009    0.8666    0.9124    0.5471   0.04565  0.004856  0.007381
     60/99     14.4G   0.02891  0.003867  0.004069   0.03684        21       640    0.9032    0.8165    0.8871    0.6095   0.04244  0.004872  0.007278
     61/99     14.4G    0.0252  0.004176  0.004248   0.03363        26       640    0.8978    0.8269    0.8877    0.5624   0.04434  0.004902   0.00705
     62/99     14.4G   0.02481  0.003989  0.003599    0.0324        24       640    0.7507       0.9    0.9073    0.5924   0.04583  0.004737  0.007061
     63/99     14.4G   0.02409  0.004365  0.003484   0.03194        18       640    0.7969       0.9    0.9005    0.5926   0.04233  0.004864  0.006839
     64/99     14.4G    0.0239  0.004244  0.003538   0.03169        22       640    0.8223       0.9    0.9143    0.6192   0.04149  0.004824  0.005743
     65/99     14.4G   0.02337  0.004427  0.003221   0.03102        20       640     0.838     0.903    0.9013     0.587   0.04179  0.004767  0.005381
     66/99     14.4G   0.02232  0.004323  0.002705   0.02935        26       640    0.8095      0.86    0.8806    0.5676   0.03988  0.004751  0.005557
     67/99     14.4G   0.02243  0.004172  0.002723   0.02932        20       640    0.7992    0.8599     0.889    0.5714   0.03949   0.00478  0.005356
     68/99     14.4G   0.02198  0.003895  0.002598   0.02848        13       640    0.7508    0.9615    0.9243    0.5838   0.04084  0.004794  0.005254
     69/99     14.4G   0.02183  0.003718  0.002246   0.02779        23       640    0.8166    0.8789    0.9183    0.6049   0.03903  0.004798   0.00506
     70/99     14.4G   0.02067  0.003921  0.002347   0.02694        28       640    0.8323    0.9138    0.9197    0.5926   0.03867  0.004694  0.005219
     71/99     14.4G   0.02081  0.003931  0.002112   0.02686        28       640    0.8252    0.8759     0.924    0.5996   0.03793  0.004673  0.005155
     72/99     14.4G   0.02054  0.003808  0.002035   0.02639        34       640    0.7987    0.8933    0.9136    0.6094   0.03721  0.004629   0.00499
     73/99     14.4G   0.01938   0.00373  0.002159   0.02527        24       640    0.8452    0.9145    0.8975    0.5865   0.03907  0.004598  0.004813
     74/99     14.4G   0.01932   0.00389  0.001949   0.02516        17       640    0.8284    0.9267     0.897    0.6026   0.03824  0.004503  0.004792
     75/99     14.4G    0.0214  0.003683  0.001625   0.02671        20       640    0.7898    0.9267    0.9168    0.6121   0.03798  0.004428  0.004427
     76/99     14.4G    0.0197  0.003493  0.001587   0.02478        18       640    0.8518    0.8431    0.9168    0.6236   0.03844  0.004364  0.004142
     77/99     14.4G   0.01879  0.004108  0.001352   0.02425        32       640    0.7701    0.9265    0.9101    0.6271   0.03919  0.004252  0.004019
     78/99     14.4G   0.01832  0.003518  0.001486   0.02332        26       640    0.7453    0.9239    0.8957    0.6251   0.03885  0.004251  0.003995
     79/99     14.4G   0.01884  0.003432  0.001312   0.02358        22       640    0.7674    0.9267    0.8957    0.6024   0.03822  0.004241  0.003984
     80/99     14.4G   0.01823  0.003725  0.001517   0.02347        25       640    0.7805    0.9267    0.8958    0.6209   0.03782   0.00418  0.004026
     81/99     14.4G    0.0175  0.003524  0.001386   0.02241        25       640     0.793    0.9267    0.8971    0.6165   0.03884  0.004102  0.004062
     82/99     14.4G   0.01776  0.003296  0.001631   0.02268        17       640    0.7877    0.9267    0.8891    0.6006   0.03848  0.004089  0.004026
     83/99     14.4G   0.01764  0.003323  0.001263   0.02223        19       640    0.7739    0.9267    0.8914    0.5866   0.03878   0.00413  0.003932
     84/99     14.4G   0.01688  0.003375  0.001269   0.02153        20       640    0.7967    0.9267    0.9114    0.6442   0.03785  0.004118  0.003879
     85/99     14.4G   0.01649  0.003402  0.001215   0.02111        21       640    0.8033    0.9267    0.9112    0.6079   0.03788  0.004148  0.003883
     86/99     14.4G   0.01607  0.003357  0.001149   0.02058        22       640    0.8223    0.9267    0.9113    0.6156   0.03731  0.004123  0.003891
     87/99     14.4G   0.01583  0.003435 0.0009837   0.02025        33       640    0.8664    0.9244    0.9162    0.6373   0.03594  0.004082  0.003828
     88/99     14.4G   0.01614  0.003227   0.00128   0.02065        29       640     0.869     0.919    0.9244     0.643   0.03676  0.004036  0.003648
     89/99     14.4G   0.01628  0.003121    0.0012    0.0206        15       640    0.8579    0.9267    0.9241    0.6343   0.03636  0.003976  0.003515
     90/99     14.4G   0.01574  0.003351  0.001097   0.02019        13       640    0.8794    0.9267    0.9308    0.6509   0.03533  0.003947  0.003419
     91/99     14.4G   0.01503   0.00307 0.0008845   0.01899        23       640       0.9    0.8839    0.9309     0.632   0.03529   0.00392  0.003344
     92/99     14.4G   0.01515  0.003584  0.001058   0.01979        29       640    0.9058    0.8999    0.9425    0.6417   0.03599   0.00395  0.003331
     93/99     14.4G   0.01495  0.003282  0.001033   0.01927        24       640    0.9043    0.9081    0.9487    0.6471   0.03563  0.003947  0.003297
     94/99     14.4G   0.01452  0.003346 0.0009034   0.01877        23       640    0.8658    0.9098    0.9359     0.643   0.03553  0.003981    0.0033
     95/99     14.4G     0.015  0.002835  0.000864    0.0187        23       640    0.8524    0.8932    0.9295    0.6494   0.03515    0.0039  0.003284
     96/99     14.4G   0.01558   0.00307  0.001168   0.01982        14       640    0.8265    0.9263    0.9269    0.6057   0.03472  0.003941  0.003314
     97/99     14.4G   0.01502  0.003099  0.001078    0.0192        19       640    0.8233    0.9266    0.9267    0.6199   0.03518  0.003916  0.003344
     98/99     14.4G   0.01481  0.003186  0.001034   0.01903        30       640    0.8349    0.9107    0.9265    0.6269   0.03448  0.003931  0.003325
     99/99     14.4G    0.0146  0.003067 0.0009426   0.01861        22       640    0.8671     0.894    0.9214     0.616   0.03553  0.004027  0.003311
